1
2
6
7
8
11
12
13
15
16
17
18
19
20
21
22
23
24
25
26
27
28
29
30
32
33
34
36
37
38
39
40
41
42
43
46
48
49
50
51
52
53
54
56
58
61
62
65
66
67
68
70
71
72
73
78
82
84
86
87
88
90
93
94
95
97
99
101
102
104
105
106
110
112
116
117
118
120
124
127
128
132
133
134
140
143
151
152
154
156
158
160
163
164
169
170
171
172
175
176
177
179
180
185
189
190
191
193
195
196
197
199
200
201
202
203
205
206
208
209
211
212
213
220
221
222
223
224
226
227
228
233
250
251
255
256
257
264
266
267
268
271
273
276
277
278
284
285
286
290
291
292
295
296
298
308
309
310
311
312
313
319
321
322
323
324
325
333
343
348
349
350
351
352
359
361
362
367
368
370
371
373
377
378
382
387
389
390
393
395
396
397
398
399
403
405
412
413
415
423
426
430
432
433
436
438
439
440
441
444
445
449
452
456
460
461
462
463
468
469
471
472
473
474
475
476
477
481
482
483
489
491
492
493
496
497
499
501
505
506
507
509
510
511
512
513
514
522
523
529
530
532
537
538
539
540
541
542
544
546
547
548
549
551
552
554
556
558
564
565
566
575
576
578
582
585
587
589
590
591
593
600
602
606
608
609
610
611
612
614
626
628
630
631
637
639
643
645
656
657
666
671
693
697
703
707
717
730
734
736
737
742
743
744
764
769
770
772
775
778
779
782
784
786
787
789
791
792
797
799
801
806
811
812
814
815
822
824
831
837
840
841
845
847
848
851
854
860
863
864
866
867
871
877
880
885
886
887
890
894
907
909
910
911
914
921
923
925
930
936
938
942
943
947
948
949
956
958
959
960
965
971
972
974
975
976
984
987
989
1003
1006
1007
1008
1009
1017
1024
1025
1051
1052
1058
1070
1079
1080
1081
1084
1097
1104
1107
1111
1112
1113
1119
1137
1141
1143
1144
1145
1150
1151
1153
1154
1158
1159
1163
1164
1170
1174
1191
1199
1214
1219
1221
1222
1224
1226
1229
1230
1232
1233
1237
1240
1243
1248
1251
1252
1255
1268
1273
1275
1281
1287
1295
1306
1307
1308
1314
1315
1318
1325
1349
1352
1353
1358
C273
C276
C330
C392
C393
C438
C444
C468
C526
C757
C773
F1
F2
